2.471030e+03
2.459620e+03
2.446120e+03
2.446100e+03
2.450720e+03
2.471270e+03
2.462580e+03
2.497860e+03
2.502200e+03
2.505980e+03
2.494300e+03
2.510840e+03
2.565410e+03
2.569500e+03
2.536410e+03
2.545830e+03
2.547910e+03
2.569770e+03
2.589300e+03
2.617350e+03
2.583210e+03
2.542550e+03
2.550990e+03
2.595680e+03
2.548720e+03
2.502770e+03
2.550090e+03
2.566040e+03
2.502790e+03
2.500450e+03
2.567590e+03
2.566410e+03
2.446510e+03
2.401890e+03
2.336660e+03
2.415370e+03
2.439040e+03
2.446330e+03
2.490120e+03
2.442340e+03
2.369890e+03
2.434540e+03
2.400520e+03
2.367530e+03
2.305300e+03
2.332610e+03
2.271430e+03
2.303220e+03
2.369320e+03
2.404710e+03
2.414560e+03
2.414660e+03
2.387360e+03
2.417860e+03
2.323610e+03
2.351530e+03
2.344530e+03
2.339160e+03
2.390070e+03
2.392820e+03
2.368030e+03
2.411530e+03
2.382110e+03
2.359670e+03
2.393650e+03
2.382810e+03
2.359480e+03
2.339980e+03
2.335650e+03
2.341310e+03
2.317920e+03
2.283290e+03
2.250290e+03
2.285110e+03
2.303050e+03
2.299190e+03
2.317110e+03
2.344630e+03
2.333490e+03
2.332960e+03
2.364480e+03
2.397920e+03
2.388860e+03
2.390540e+03
2.366680e+03
2.388540e+03
2.382600e+03
2.399820e+03
2.460550e+03
2.479670e+03
2.500020e+03
2.496100e+03
2.493160e+03
2.479380e+03
2.489870e+03
2.540130e+03
2.537580e+03
2.549670e+03
2.551590e+03
2.552410e+03
2.523100e+03
2.475320e+03
2.449170e+03
2.490010e+03
2.465030e+03
2.478750e+03
2.496820e+03
2.492900e+03
2.441390e+03
2.442500e+03
2.450390e+03
2.413270e+03
2.403590e+03
2.398510e+03
2.438220e+03
2.377950e+03
2.423470e+03
2.457990e+03
2.465650e+03
2.472010e+03
2.478100e+03
2.477080e+03
2.526610e+03
2.532470e+03
2.565860e+03
2.554030e+03
2.551780e+03
2.547860e+03
2.561270e+03
2.537850e+03
2.553990e+03
2.586080e+03
2.593840e+03
2.563120e+03
2.612520e+03
2.584370e+03
2.590020e+03
2.578750e+03
2.603300e+03
2.608610e+03
2.619020e+03
2.673020e+03
2.658630e+03
2.637240e+03
2.622790e+03
2.609460e+03
2.648480e+03
2.698970e+03
2.682820e+03
2.652990e+03
2.661120e+03
2.603380e+03
2.629200e+03
2.637780e+03
2.660720e+03
2.632940e+03
2.624240e+03
2.648590e+03
2.640510e+03
2.661220e+03
2.683110e+03
2.686570e+03
2.726410e+03
2.738350e+03
2.729280e+03
2.748480e+03
2.684970e+03
2.733860e+03
2.713350e+03
2.665770e+03
2.700400e+03
2.696740e+03
2.658400e+03
2.637210e+03
2.649960e+03
2.664750e+03
2.647830e+03
2.640960e+03
2.624940e+03
2.639210e+03
2.682010e+03
2.693390e+03
2.716540e+03
2.745200e+03
2.749110e+03
2.770550e+03
2.762190e+03
2.775290e+03
2.766030e+03
2.763390e+03
2.774010e+03
2.761230e+03
2.757990e+03
2.753960e+03
2.775850e+03
2.774140e+03
2.771400e+03
2.754840e+03
2.768440e+03
2.773800e+03
2.763430e+03
2.754670e+03
2.781550e+03
2.738580e+03
2.706600e+03
2.674300e+03
2.665170e+03
2.673640e+03
2.726300e+03
2.708760e+03
2.701750e+03
2.737330e+03
2.801030e+03
2.738360e+03
2.725700e+03
2.736950e+03
2.742720e+03
2.703440e+03
2.707180e+03
2.707110e+03
2.685710e+03
2.726660e+03
2.749190e+03
2.735810e+03
2.752430e+03
2.751390e+03
2.751970e+03
2.737390e+03
2.734330e+03
2.702360e+03
2.741990e+03
2.707060e+03
2.712660e+03
2.700420e+03
2.651410e+03
2.670240e+03
2.638720e+03
2.655030e+03
2.644900e+03
2.672690e+03
2.676190e+03
2.720050e+03
2.679410e+03
2.720230e+03
2.777600e+03
2.785230e+03
2.811890e+03
2.799990e+03
2.766350e+03
2.733410e+03
2.743350e+03
2.711640e+03
2.746510e+03
2.727620e+03
2.765870e+03
2.788710e+03
2.786410e+03
2.759640e+03
2.766380e+03
2.786860e+03
2.806830e+03
2.820380e+03
2.832020e+03
2.814510e+03
2.826610e+03
2.874010e+03
2.883840e+03
2.894700e+03
2.922090e+03
2.940750e+03
2.914840e+03
2.892280e+03
2.902900e+03
2.911880e+03
2.912800e+03
2.918450e+03
2.874330e+03
2.907650e+03
2.927890e+03
2.905060e+03
2.930590e+03
2.925180e+03
2.923850e+03
2.919050e+03
2.897040e+03
2.874360e+03
2.856400e+03
2.874500e+03
2.845610e+03
2.868900e+03
2.835800e+03
2.836670e+03
2.815220e+03
2.840750e+03
2.825780e+03
2.826640e+03
2.837340e+03
2.800660e+03
2.812750e+03
2.808660e+03
2.857250e+03
2.863940e+03
2.875600e+03
2.887680e+03
2.915420e+03
2.882050e+03
2.901740e+03
2.883500e+03
2.881300e+03
2.885310e+03
2.856360e+03
2.872860e+03
2.852820e+03
2.863910e+03
2.872160e+03
2.853100e+03
2.864680e+03
2.851400e+03
2.847330e+03
2.834770e+03
2.809210e+03
2.792760e+03
2.778740e+03
2.798390e+03
2.817820e+03
2.803190e+03
2.825820e+03
2.816420e+03
2.815070e+03
2.777690e+03
2.820520e+03
2.782770e+03
2.717560e+03
2.742580e+03
2.750390e+03
2.739180e+03
2.722520e+03
2.686800e+03
2.707430e+03
2.702910e+03
2.736510e+03
2.722540e+03
2.737720e+03
2.716630e+03
2.667830e+03
2.697870e+03
2.744180e+03
2.695170e+03
2.632520e+03
2.586890e+03
2.369860e+03
2.410380e+03
2.427780e+03
2.351690e+03
2.216240e+03
2.287180e+03
2.342310e+03
2.354770e+03
2.353840e+03
2.206020e+03
2.244840e+03
2.294250e+03
2.305200e+03
2.331190e+03
2.302480e+03
2.313300e+03
2.366290e+03
2.399030e+03
2.430580e+03
2.393170e+03
2.304960e+03
2.286060e+03
2.325350e+03
2.369020e+03
2.351930e+03
2.198890e+03
2.211880e+03
2.173530e+03
2.218560e+03
2.300720e+03
2.253430e+03
2.237560e+03
2.301520e+03
2.226050e+03
2.116030e+03
2.055200e+03
2.183280e+03
2.162900e+03
2.170430e+03
2.197940e+03
2.123140e+03
2.123580e+03
2.124820e+03
2.159960e+03
2.181640e+03
2.212230e+03
2.273540e+03
2.268110e+03
2.307510e+03
2.287450e+03
2.322970e+03
2.254160e+03
2.298560e+03
2.261970e+03
2.237670e+03
2.330170e+03
2.363520e+03
2.343090e+03
2.403700e+03
2.420160e+03
2.392530e+03
2.318350e+03
2.328230e+03
2.413690e+03
2.347310e+03
2.383220e+03
2.414320e+03
2.288310e+03
2.355270e+03
2.314510e+03
2.280750e+03
2.309110e+03
2.279890e+03
2.229680e+03
2.198380e+03
2.163110e+03
2.153800e+03
2.146820e+03
2.188990e+03
2.205150e+03
2.171830e+03
2.279010e+03
2294
2.279030e+03
2.273980e+03
2.260030e+03
2.268490e+03
2.179910e+03
2.216150e+03
2.177200e+03
2.189260e+03
2.189370e+03
2.176240e+03
2.115410e+03
2.099140e+03
2.155120e+03
2.147610e+03
2.154720e+03
2.169080e+03
2.156300e+03
2152
2.163270e+03
2.150600e+03
2.203070e+03
2.197870e+03
2.181380e+03
2.164200e+03
2.140680e+03
2.151910e+03
2.133780e+03
2.182110e+03
2.153320e+03
2.209140e+03
2.225970e+03
2.239670e+03
2.243230e+03
2.260360e+03
2.266410e+03
2.276680e+03
2.265610e+03
2.307130e+03
2.299470e+03
2.323930e+03
2.335040e+03
2.378680e+03
2.368730e+03
2.370990e+03
2.390970e+03
2.383730e+03
2.388620e+03
2.353620e+03
2.345790e+03
2.342570e+03
2351
2.320820e+03
2.348960e+03
2.369070e+03
2.365770e+03
2.358240e+03
2.313120e+03
2.316100e+03
2.314360e+03
2.322870e+03
2.339300e+03
2.297700e+03
2.316970e+03
2.307690e+03
2.280960e+03
2.245630e+03
2.268270e+03
2.301830e+03
2.288120e+03
2.298670e+03
2.322790e+03
2.335290e+03
2.341490e+03
2.337990e+03
2.324330e+03
2.303280e+03
2.296610e+03
2.265420e+03
2.281720e+03
2.329130e+03
2.313540e+03
2.291310e+03
2.287980e+03
2.286360e+03
2.307940e+03
2.286190e+03
2.267420e+03
2.252500e+03
2.228340e+03
2.256060e+03
2.275670e+03
2.244330e+03
2.251570e+03
2.274010e+03
2.252420e+03
2.229680e+03
2.212520e+03
2.177070e+03
2.183270e+03
2.200710e+03
2.203290e+03
2.245400e+03
2.249140e+03
2.218980e+03
2179
2.205940e+03
2.177730e+03
2.179570e+03
2.173410e+03
2.168040e+03
2.140800e+03
2.090710e+03
2.115790e+03
2.035670e+03
2.080160e+03
2.106240e+03
2.082640e+03
2.052180e+03
2.048710e+03
2.055140e+03
2.058690e+03
2.075640e+03
2.070150e+03
2.088740e+03
2.065450e+03
2.081210e+03
2.058410e+03
2.087660e+03
2.167340e+03
2.162390e+03
2.215920e+03
2.210650e+03
2.207350e+03
2.259050e+03
2.223900e+03
2.265730e+03
2.246580e+03
2.223160e+03
2.230550e+03
2.223200e+03
2.253630e+03
2.272480e+03
2.272270e+03
2.266570e+03
2.261420e+03
2.267590e+03
2.268930e+03
2.288630e+03
2.263460e+03
2.244710e+03
2.240950e+03
2.147470e+03
2.167910e+03
2.193260e+03
2.188670e+03
2.188650e+03
2.192340e+03
2.193570e+03
2.140940e+03
2.104320e+03
2.102840e+03
2.122350e+03
2.149100e+03
2.168500e+03
2.184130e+03
2.181330e+03
2.185290e+03
2.173780e+03
2.226560e+03
2.258610e+03
2.257870e+03
2.282730e+03
2.307490e+03
2.304410e+03
2.325250e+03
2.328700e+03
2.344850e+03
2.294420e+03
2.297600e+03
2.290700e+03
2.291250e+03
2.274410e+03
2.281740e+03
2.257690e+03
2.259600e+03
2.234480e+03
2.235030e+03
2.261630e+03
2.264130e+03
2.250760e+03
2.267910e+03
2.299280e+03
2.318430e+03
2.325370e+03
2.357480e+03
2.345100e+03
2.408810e+03
2.408570e+03
2.397820e+03
2.410460e+03
2.398780e+03
2.391390e+03
2.375260e+03
2.368510e+03
2.354510e+03
2.360680e+03
2.378730e+03
2.363980e+03
2.397090e+03
2.398380e+03
2.398130e+03
2377
2.399620e+03
2.400600e+03
2.372700e+03
2.385440e+03
2.387390e+03
2.371080e+03
2.389510e+03
2.396220e+03
2.397010e+03
2.397190e+03
2.354300e+03
2.351510e+03
2.317750e+03
2.326250e+03
2.308800e+03
2.313940e+03
2.315310e+03
2.322890e+03
2329
2.325790e+03
2.349430e+03
2.347410e+03
2.324580e+03
2.331550e+03
2.319920e+03
2.333580e+03
2.355670e+03
2.360330e+03
2.373120e+03
2.379670e+03
2.404860e+03
2.401230e+03
2.386180e+03
2.382080e+03
2.398630e+03
2.421540e+03
2.396900e+03
2.415440e+03
2.413430e+03
2.419920e+03
2.438880e+03
2.471170e+03
2.475100e+03
2.483940e+03
2.450990e+03
2.480060e+03
2.519530e+03
2.527390e+03
2.520970e+03
2.532750e+03
2.558710e+03
2.578060e+03
2.587030e+03
2.578190e+03
2.581960e+03
2.613760e+03
2.618860e+03
2.617930e+03
2.615090e+03
2.600210e+03
2.571610e+03
2.564380e+03
2.572110e+03
2.573780e+03
2.567290e+03
2.549830e+03
2.524360e+03
2.563800e+03
2.584560e+03
2.570440e+03
2.581160e+03
2.552990e+03
2.561170e+03
2.571700e+03
2.534400e+03
2.525080e+03
2.501650e+03
2499
2.497280e+03
2.511900e+03
2.475860e+03
2.491040e+03
2.458970e+03
2.481340e+03
2.501760e+03
2.492420e+03
2.470450e+03
2.471870e+03
2.448930e+03
2.475150e+03
2.476620e+03
2.468930e+03
2.432270e+03
2.438800e+03
2.440830e+03
2.421670e+03
2.439270e+03
2.458750e+03
2.441180e+03
2.440980e+03
2.450450e+03
2.482250e+03
2.478960e+03
2.485480e+03
2.491790e+03
2.480190e+03
2.478340e+03
2.471850e+03
2.513490e+03
2.458580e+03
2.450530e+03
2.428640e+03
2.435540e+03
2.391080e+03
2.401480e+03
2.346500e+03
2.356680e+03
2.368150e+03
2.373730e+03
2.372450e+03
2.336220e+03
2.347740e+03
2.364480e+03
2.357880e+03
2.351580e+03
2.382680e+03
2.403470e+03
2.381830e+03
2.368160e+03
2.296870e+03
2.283210e+03
2.287580e+03
2.271650e+03
2.282980e+03
2.294250e+03
2.290170e+03
2.304010e+03
2.307570e+03
2.315660e+03
2.323450e+03
2.334060e+03
2.352940e+03
2.373450e+03
2.348880e+03
2.332790e+03
2.360010e+03
2.401860e+03
2.404350e+03
2.385950e+03
2.399340e+03
2.387950e+03
2.384490e+03
2.333880e+03
2.365830e+03
2398
2.460620e+03
2.460670e+03
2.452280e+03
2.455330e+03
2.453830e+03
2.456380e+03
2.459510e+03
2.448360e+03
2.492190e+03
2.498950e+03
2.484070e+03
2.457150e+03
2.490350e+03
2.484380e+03
2.469670e+03
2.450490e+03
2.390340e+03
2.300110e+03
2.239580e+03
2.254470e+03
2.193970e+03
2.258620e+03
2.182290e+03
2.246740e+03
2.248420e+03
2.260290e+03
2.271270e+03
2.293840e+03
2.259320e+03
2.236280e+03
2.203490e+03
2.275840e+03
2.279700e+03
2.298880e+03
2.309760e+03
2.298260e+03
2.310930e+03
2.291480e+03
2.320260e+03
2.317650e+03
2.318020e+03
2.321490e+03
2.308700e+03
2.293440e+03
2.304880e+03
2.304790e+03
2.345380e+03
2.359120e+03
2.410420e+03
2.400680e+03
2.361260e+03
2.387070e+03
2.414840e+03
2.415450e+03
2.449950e+03
2.437200e+03
2.457380e+03
2.447660e+03
2.413260e+03
2.394760e+03
2.386050e+03
2.417450e+03
2.433100e+03
2.407560e+03
2.368770e+03
2.380220e+03
2.376840e+03
2.407470e+03
2.387320e+03
2.372280e+03
2.274540e+03
2.211270e+03
2.259440e+03
2.315440e+03
2.354820e+03
2.370070e+03
2.388440e+03
2.409960e+03
2.340800e+03
2.361700e+03
2.418020e+03
2.408890e+03
2.399440e+03
2.392960e+03
2.387900e+03
2.418060e+03
2441
2.402400e+03
2.381180e+03
2.405630e+03
2.415050e+03
2.412990e+03
2.386070e+03
2.381620e+03
2.371840e+03
2.395640e+03
2.483340e+03
2.478930e+03
2.517290e+03
2.492940e+03
2.500690e+03
2.484740e+03
2.495400e+03
2.560070e+03
2.532120e+03
2.538930e+03
2.542700e+03
2.556690e+03
2.560360e+03
2.583420e+03
2.546180e+03
2.546200e+03
2.559500e+03
2.531140e+03
2.524520e+03
2.509840e+03
2.516630e+03
2.491280e+03
2.505070e+03
2.512030e+03
2.552710e+03
2.613370e+03
2.598780e+03
2.578250e+03
2.596600e+03
2.619940e+03
2.589420e+03
2.572390e+03
2.588570e+03
2.573180e+03
2.578620e+03
2.543970e+03
2.508790e+03
2.497600e+03
2.493450e+03
2501
2.477440e+03
2.467220e+03
2.453760e+03
2.451370e+03
2.425260e+03
2.430670e+03
2.393650e+03
2.421790e+03
2.372220e+03
2.431430e+03
2.426170e+03
2.409440e+03
2.426090e+03
2.417080e+03
2.384990e+03
2.350340e+03
2.361120e+03
2.322140e+03
2.338790e+03
2.353620e+03
2.400920e+03
2.401240e+03
2.398390e+03
2.370210e+03
2.384650e+03
2.423730e+03
2.430860e+03
2.403380e+03
2.326740e+03
2.335750e+03
2.355020e+03
2.298520e+03
2.336950e+03
2.360190e+03
2.337030e+03
2.355600e+03
2.374280e+03
2.417920e+03
2.419070e+03
2.412450e+03
2.460450e+03
2.474610e+03
2.488060e+03
2.487130e+03
2.495610e+03
2.461820e+03
2.459280e+03
2.482450e+03
2.486160e+03
2.526120e+03
2.515480e+03
2.476410e+03
2.474950e+03
2.427930e+03
2.426740e+03
2.439580e+03
2.456540e+03
2.459320e+03
2.420290e+03
2.411290e+03
2.389900e+03
2.378180e+03
2.307820e+03
2.348910e+03
